262144000S,0C
0 0
90955 1
9714 1
66165 1
6548 1
50701 1
66762 1
47534 1
299959 1
63595 1
63991 1
27199 1
73385 1
67713 1
75360 1
21161 1
26589 1
115149 1
130700 1
182949 1
211044 1
30570 1
682519 1
32227 1
344077 1
3419 1
5291 1
8262 1
5291 1
-5291 -1
90324 1
105780 1
68390 1
30180 1
31328 1
435410 1
433563 1
193180 1
3892 1
6003 1
161612 1
119303 1
175678 1
3645 1
3763 1
9699 1
3763 1
-3763 -1
1553 1
2767 1
-1553 -1
2753 1
-2767 -1
2763 1
-2753 -1
2763 1
-2763 -1
3419 1
-3419 -1
8262 1
-8262 -1
3350 1
4564 1
-3350 -1
4550 1
-4564 -1
4560 1
5327 1
-4550 -1
3892 1
-3892 -1
3126 1
4340 1
-3126 -1
4330 1
5097 1
-4340 -1
4945 1
6143 1
-4945 -1
6139 1
-6143 -1
6141 1
-6139 -1
8321 1
211044 1
-211044 -1
211044 1
-211044 -1
1388 1
2590 1
-1388 -1
2586 1
-2590 -1
1794 1
3008 1
-1794 -1
3000 1
-3008 -1
2493 1
3707 1
-2493 -1
3695 1
-3707 -1
1630 1
2828 1
-1630 -1
2820 1
-2828 -1
2826 1
-2820 -1
1408 1
2610 1
-1408 -1
2610 1
-2610 -1
3102 1
4304 1
-3102 -1
4294 1
-4304 -1
4294 1
-4294 -1
1851 1
3065 1
-1851 -1
3049 1
-3065 -1
3055 1
-3049 -1
1383 1
2585 1
-1383 -1
2581 1
-2585 -1
2581 1
-2581 -1
1411 1
2613 1
-1411 -1
2607 1
-2613 -1
2797 1
4011 1
-2797 -1
3995 1
-4011 -1
3995 1
-3995 -1
8587 1
174493 1
881 1
881 1
-881 -1
881 1
-881 -1
914 1
-881 -1
925 1
-914 -1
930 1
-925 -1
6411173 1
-930 -1
-6411173 -1
12602262 1
6996 1
34614 1
162102 1
5277 1
5355 1
-5277 -1
5414 1
-5355 -1
5446 1
-5414 -1
5533 1
-5446 -1
5367 1
-5533 -1
201485 1
9811 1
9889 1
-9811 -1
9940 1
-9889 -1
10024 1
-9940 -1
9881 1
-10024 -1
14691 1
17606 1
